4.98914e-05 1.79186 -18.919 6.70681 0.394382 0.458274 -0.477662 
4.98914e-05 1.92382 -19.1723 6.82472 -0.777197 0.149991 0.184768 
4.98914e-05 1.65873 -18.7394 6.83157 0.156093 1.33928 -0.0247007 
4.98914e-05 2.06593 -19.1127 6.68714 -0.759788 0.0746632 -0.520371 
4.98914e-05 1.56975 -19.2761 6.79845 -1.17725 1.66669 -0.788115 
4.98914e-05 1.41804 -18.8693 6.89747 0.287159 1.5114 -0.52287 
4.98914e-05 1.73959 -19.3448 6.77914 -1.46057 1.56219 -0.0485125 
4.98914e-05 2.23884 -19.2346 6.86472 -0.960409 0.298366 -0.354839 
4.98914e-05 1.55118 -18.6071 6.74254 0.521546 1.05472 -0.498766 
4.98914e-05 1.24949 -19.2222 6.83575 -0.511173 1.77321 -0.270621 
4.98914e-05 1.90995 -18.574 6.85957 0.428175 0.31869 -0.149761 
4.98914e-05 1.0929 -18.9956 6.82029 -0.717598 1.56274 -0.540789 
4.98914e-05 2.23799 -19.154 6.63178 -0.707214 -0.120324 -0.510598 
4.98914e-05 1.86273 -19.6738 7.0202 -1.14974 0.747963 -0.624762 
4.98914e-05 2.15538 -18.5353 6.7756 0.371475 0.469037 -0.100156 
4.98914e-05 1.88389 -18.2549 6.69892 0.22233 0.609313 -0.504375 
4.98914e-05 1.7912 -19.8619 6.6285 -0.96593 1.24527 -0.436678 
4.98914e-05 1.10108 -19.1946 6.83468 -0.809816 1.71361 -0.728117 
4.98914e-05 1.80547 -19.7919 6.81463 -1.32187 0.830738 -0.477815 
4.98914e-05 0.988846 -19.4523 6.80447 -0.711251 1.57549 -0.477845 
4.98914e-05 1.14593 -19.2639 6.74461 -0.799042 1.82681 -0.748388 
4.98914e-05 1.12577 -19.4642 6.75125 -0.844271 1.73377 -0.268942 
4.98914e-05 1.17509 -19.2695 6.73465 -0.61483 1.99726 -0.170575 
4.98914e-05 1.16051 -19.0088 6.83787 -0.0770176 2.04334 -0.316891 
4.98914e-05 2.51702 -19.6115 6.80972 -0.984204 0.303573 -0.236594 
4.98914e-05 1.38982 -18.2757 6.61466 0.123016 1.56192 -0.333442 
4.98914e-05 2.25584 -19.6497 6.79021 -1.21209 0.217482 -0.155099 
4.98914e-05 2.38469 -19.3769 6.73988 -1.11823 -0.0322432 -0.274653 
4.98914e-05 0.802643 -19.395 6.59647 -0.68751 1.58181 -0.304131 
4.98914e-05 2.15318 -18.428 6.75842 0.523303 0.209367 -0.372392 
4.98914e-05 2.15525 -18.0652 6.7835 0.309006 0.47001 -0.360733 
4.98914e-05 1.36643 -19.7185 6.71124 -1.23737 1.63875 -0.447815 
4.98914e-05 0.980302 -18.9889 6.59888 -0.521135 1.94402 -0.234084 
4.98914e-05 1.77077 -17.9537 6.81433 0.428392 0.941414 -0.448411 
4.98914e-05 0.972306 -19.7482 6.73618 -1.27326 1.18241 -0.497568 
4.98914e-05 1.95177 -17.9973 6.82841 0.484436 0.736309 -0.324716 
4.98914e-05 2.5015 -18.1916 6.82967 0.0291699 0.113071 -0.348496 
4.98914e-05 1.65103 -17.6593 6.69802 0.125358 1.19004 -0.370863 
4.98914e-05 0.778118 -18.9914 6.8398 -0.513359 1.89846 -0.221244 
4.98914e-05 2.3379 -18.2066 6.76489 0.108443 -0.00115597 -0.225459 
4.98914e-05 0.829678 -18.1825 6.78646 0.15588 1.45552 -0.46911 
4.98914e-05 0.526891 -18.6707 6.57315 -0.315022 1.59997 -0.610382 
4.98914e-05 1.52336 -18.1271 6.73938 0.699867 0.805726 -0.294373 
4.98914e-05 2.95201 -18.4917 6.68428 -0.342932 0.0488518 -0.485915 
4.98914e-05 2.6523 -18.8408 6.785 -0.181792 -0.291049 -0.439438 
4.98914e-05 1.04169 -19.7867 6.71983 -0.967779 1.81686 -0.392637 
4.98914e-05 0.78574 -18.052 6.92594 -0.111512 1.60592 -0.540766 
4.98914e-05 1.41835 -17.6499 6.89497 0.382077 0.901267 -0.450784 
4.98914e-05 2.85172 -18.4569 6.7489 0.0862871 0.025177 -0.38594 
4.98914e-05 1.14077 -20.3654 6.95216 -1.17791 1.17905 -0.452044 
4.98914e-05 1.42028 -20.4507 6.86177 -1.19249 1.23943 -0.504327 
4.98914e-05 1.31536 -17.5719 6.73008 0.361303 1.06782 -0.459629 
4.98914e-05 2.87237 -19.6485 6.76685 -0.849009 -0.0661904 -0.481125 
4.98914e-05 2.63037 -18.0775 6.81119 0.446507 0.347825 -0.412945 
4.98914e-05 0.751748 -19.7403 6.76601 -1.15211 1.67113 -0.380962 
4.98914e-05 1.0451 -19.6942 6.75206 -1.04131 1.98157 -0.321079 
4.98914e-05 0.884955 -18.0656 6.90473 -0.0226215 1.80749 -0.236787 
4.98914e-05 3.05042 -19.1801 6.64613 -0.456728 -0.182231 -0.444076 
4.98914e-05 2.18781 -20.2434 6.92177 -1.49679 0.714786 -0.469837 
4.98914e-05 3.171 -19.0879 6.70052 -0.500998 -0.151327 -0.362313 
4.98914e-05 1.31411 -17.8317 6.79169 0.654336 1.15033 -0.396434 
4.98914e-05 0.717148 -20.1527 6.78585 -1.24343 1.42487 -0.449364 
4.98914e-05 0.746692 -19.9448 6.85043 -1.35467 1.45985 -0.4482 
4.98914e-05 0.175038 -19.1997 6.75354 -0.382497 1.82541 -0.232062 
4.98914e-05 0.220514 -18.308 6.89197 0.0112757 1.65657 -0.499957 
4.98914e-05 2.12578 -20.6625 6.85663 -1.36623 0.66216 -0.410669 
4.98914e-05 1.48067 -20.8305 6.83546 -1.23912 1.21977 -0.326273 
4.98914e-05 2.1772 -20.4381 6.96725 -1.4713 0.576753 -0.317458 
4.98914e-05 2.09392 -20.7992 6.7208 -1.2487 0.438761 -0.316119 
4.98914e-05 1.69205 -20.5653 6.83389 -1.51796 0.841844 -0.359261 
4.98914e-05 3.30908 -19.3204 6.92106 -0.798256 -0.133434 -0.415419 
4.98914e-05 0.656917 -17.8017 6.71872 0.327507 1.57101 -0.374385 
4.98914e-05 2.0475 -17.1443 6.74819 0.468086 0.741172 -0.279946 
4.98914e-05 0.0326818 -19.5038 6.84102 -0.820444 1.76712 -0.535506 
4.98914e-05 1.6068 -17.3908 6.68668 0.63631 0.892509 -0.276924 
4.98914e-05 0.739363 -17.5538 6.71397 0.464403 1.33832 -0.364701 
4.98914e-05 3.53086 -20.2602 6.75412 -0.813409 0.120403 -0.519343 
4.98914e-05 3.52273 -19.3204 6.8341 -0.587001 -0.166173 -0.523894 
4.98914e-05 2.78694 -17.2484 6.687 0.214973 0.219112 -0.255164 
4.98914e-05 0.482513 -17.1367 6.92439 0.336184 1.15419 -0.37543 
4.98914e-05 3.0026 -17.3576 6.73483 0.321457 0.307937 -0.475124 
4.98914e-05 3.86944 -19.3187 6.75116 -0.571903 -0.063265 -0.309372 
4.98914e-05 0.296003 -20.4509 6.69744 -1.01805 1.66889 -0.384594 
4.98914e-05 1.9158 -21.226 6.77855 -1.36079 0.717428 -0.340397 
4.98914e-05 2.22988 -21.2725 6.80637 -1.28316 0.534082 -0.344234 
4.98914e-05 1.28726 -21.4047 6.689 -1.2777 1.0257 -0.41258 
4.98914e-05 3.55459 -17.9475 6.91297 0.102024 -0.004116 -0.446992 
4.98914e-05 3.83056 -18.1111 6.92445 0.0709201 0.0535834 -0.270444 
4.98914e-05 -0.600078 -20.4003 6.79699 -0.733181 1.57171 -0.291741 
4.98914e-05 0.925499 -17.1834 6.90078 0.518341 1.38193 -0.510107 
4.98914e-05 0.0705293 -18.7236 6.76524 -0.267079 2.09454 -0.46199 
4.98914e-05 0.602653 -16.6652 6.68449 0.376008 1.15926 -0.327387 
4.98914e-05 2.91524 -21.0487 6.82011 -1.27562 0.301461 -0.284519 
4.98914e-05 2.97511 -16.9133 6.73979 0.461449 0.47218 -0.311725 
4.98914e-05 3.44944 -20.7894 6.82835 -1.06174 0.0929711 -0.267522 
4.98914e-05 2.86129 -16.7494 6.69873 0.38031 0.336187 -0.460986 
4.98914e-05 3.99846 -19.797 6.77738 -0.733657 -0.152773 -0.393807 
4.98914e-05 -0.638924 -18.6543 6.79241 -0.339573 1.90633 -0.41421 
4.98914e-05 2.67907 -21.3667 6.82784 -1.29625 0.293038 -0.386609 
4.98914e-05 0.984677 -16.6782 6.76389 0.557661 1.21341 -0.501933 
4.98914e-05 1.63738 -21.7947 6.78789 -1.38798 0.99281 -0.454555 
4.98914e-05 4.62505 -18.0912 6.8946 -0.0708527 0.0648941 -0.235684 
4.98914e-05 -0.640245 -19.9959 6.81898 -0.625342 1.90574 -0.348327 
4.98914e-05 4.27064 -19.6427 6.81841 -0.841521 -0.133108 -0.31519 
4.98914e-05 1.68626 -21.5359 6.77068 -1.55305 0.83164 -0.441391 
4.98914e-05 2.75948 -21.7973 6.71991 -1.37804 0.589502 -0.444494 
4.98914e-05 -0.681632 -20.4473 6.83234 -0.847726 1.81837 -0.336972 
4.98914e-05 -0.507302 -16.8025 6.83242 0.197597 1.5579 -0.326219 
4.98914e-05 -0.296317 -21.2736 6.91748 -1.15144 1.56346 -0.388685 
4.98914e-05 -0.611964 -20.6461 6.76523 -1.08595 1.71686 -0.462228 
4.98914e-05 0.768184 -16.2882 6.65321 0.587128 1.2021 -0.375594 
4.98914e-05 3.16919 -21.889 6.68482 -1.34061 0.417164 -0.338844 
4.98914e-05 3.22966 -16.4011 6.75688 0.51352 0.334161 -0.405392 
4.98914e-05 -0.401357 -21.4524 6.82741 -1.21777 1.52506 -0.297456 
4.98914e-05 4.97643 -18.1367 6.976 -0.0686543 -0.0854548 -0.287696 
4.98914e-05 -0.509802 -16.0294 6.98252 0.320157 1.38238 -0.401208 
4.98914e-05 2.93095 -15.6442 6.92802 0.521587 0.585752 -0.339147 
4.98914e-05 0.0829099 -15.7059 6.71789 0.434144 1.30869 -0.368124 
4.98914e-05 0.801184 -22.4633 6.69246 -1.44889 1.09274 -0.435235 
4.98914e-05 -2.31065 -19.7241 6.66803 -0.487721 1.77895 -0.367546 
4.98914e-05 4.93841 -16.6021 6.93522 0.153616 0.0765566 -0.402581 
4.98914e-05 1.74728 -14.953 6.65093 0.555087 0.796419 -0.31408 
4.98914e-05 5.45093 -17.0346 6.77054 0.0718405 0.00839603 -0.426498 
4.98914e-05 1.00315 -14.9234 6.79745 0.56351 1.08118 -0.382226 
4.98914e-05 4.39097 -15.356 6.79369 0.34178 0.273792 -0.370982 
4.98914e-05 5.44922 -21.4135 6.93557 -0.936594 -0.0476274 -0.341113 
4.98914e-05 2.48853 -14.2509 6.77821 0.559326 0.709163 -0.367278 
4.98914e-05 -2.47967 -23.3878 6.72266 -1.15683 1.55783 -0.358549 
0.000104525 -0.953428 9.10331 -3.44459 1.08605 -0.739763 -0.369464 
0.000104525 -0.515832 9.008 -3.32503 0.725954 -0.458708 1.19703 
0.000104525 -1.16446 9.4066 -3.34016 0.514348 0.318955 -0.416626 
0.000104525 -0.518405 8.92028 -3.6222 0.422633 -1.15285 0.837866 
0.000104525 -0.795346 8.84534 -2.8742 -1.17037 -0.2223 0.144859 
0.000104525 -1.24552 9.33533 -2.93219 0.234933 0.00759307 -0.90347 
0.000104525 -0.576428 8.77296 -3.02652 -0.932151 0.34766 0.858881 
0.000104525 -0.117644 9.02345 -3.60215 0.193331 -0.848534 0.976363 
0.000104525 -1.44999 9.42122 -3.37874 0.754765 -0.298675 -0.834028 
0.000104525 -1.13974 8.91018 -2.53129 -0.447765 0.375515 -0.215582 
0.000104525 -1.04208 9.62086 -3.72023 1.38332 -0.545911 -0.139141 
0.000104525 -1.50981 9.09527 -2.53264 -0.604203 -0.0433161 -0.0625139 
0.000104525 -0.345804 8.83294 -3.82202 0.606795 -1.28757 0.908842 
0.000104525 0.00207359 8.7458 -2.75638 -0.414976 -0.766908 0.736582 
0.000104525 -0.886594 9.58421 -4.07971 1.25855 -0.391486 -0.148345 
0.000104525 -1.4608 9.73991 -4.03507 0.829624 -0.662355 -0.319904 
0.000104525 -0.162293 8.10856 -2.81305 -0.521778 -0.207212 0.393993 
0.000104525 -1.31392 8.92164 -2.38708 -0.881777 -0.105628 -0.170956 
0.000104525 -0.0865431 8.39087 -2.75006 -0.532146 -0.583868 0.920626 
0.000104525 -1.21594 8.6293 -2.09606 -0.575138 0.0237822 -0.0408272 
0.000104525 -1.26695 8.75579 -2.44931 -0.963739 -0.0376206 -0.256349 
0.000104525 -1.10343 8.56936 -2.27667 -0.682143 0.322858 0.0997259 
0.000104525 -1.23931 8.74166 -2.48458 -0.635115 0.627898 -0.198173 
0.000104525 -1.41856 9.10912 -2.586 -0.319681 0.569589 -0.776015 
0.000104525 0.461896 8.62445 -3.67583 0.232944 -0.739273 1.05913 
0.000104525 -1.99364 9.57732 -3.52937 0.169122 0.205295 -0.684628 
0.000104525 0.221345 8.54107 -3.37119 0.156465 -0.747233 1.3528 
0.000104525 0.0727607 8.75696 -3.74783 0.343941 -1.0374 1.34797 
0.000104525 -1.59248 8.42796 -2.07559 -0.469645 0.187585 0.0301103 
0.000104525 -0.996315 9.66726 -4.16725 1.41867 -0.823181 -0.282071 
0.000104525 -1.30227 10.0444 -4.41579 1.07173 -0.631261 -0.237211 
0.000104525 -0.66126 8.30175 -2.38731 -1.01949 0.0603109 0.400321 
0.000104525 -1.77624 8.83682 -2.56659 -0.556916 0.537 -0.284625 
0.000104525 -1.76689 10.151 -4.04784 0.787538 -0.345551 -0.659892 
0.000104525 -1.01316 8.26537 -1.91016 -0.752135 -0.332348 0.665805 
0.000104525 -1.53712 10.1423 -4.20764 1.04139 -0.384504 -0.523629 
0.000104525 -0.811307 10.0083 -4.67676 1.10887 -0.910485 0.219066 
0.000104525 -2.22793 10.2887 -4.20972 0.413587 -0.109547 -0.494246 
0.000104525 -1.8161 9.09249 -2.1721 -0.511898 0.514749 -0.258294 
0.000104525 -1.00499 9.90424 -4.52904 1.31663 -0.879633 0.282574 
0.000104525 -2.52408 9.81218 -2.85462 0.198885 0.0044249 -0.726955 
0.000104525 -2.53268 9.07044 -2.31165 -0.349051 -0.0487406 -0.4747 
0.000104525 -1.90965 9.87559 -3.69895 1.1785 -0.288794 -0.735451 
0.000104525 -0.187948 9.59508 -5.0608 0.788144 -1.11068 0.506385 
0.000104525 -0.108821 9.34808 -4.40366 1.17952 -1.31376 0.585392 
0.000104525 -0.919981 8.21601 -1.97066 -0.903222 0.264638 0.0924396 
0.000104525 -2.59194 10.0936 -2.80341 -0.155976 0.0336797 -0.618177 
0.000104525 -2.33839 10.5025 -3.82067 0.778028 -0.381437 -0.59763 
0.000104525 -0.276589 9.69345 -4.92958 1.19631 -1.00666 0.198813 
0.000104525 -0.14792 7.93701 -1.49836 -0.650559 -0.286688 0.609176 
0.000104525 0.14841 7.77722 -1.8101 -0.732103 -0.289454 0.558678 
0.000104525 -2.6213 10.3783 -3.87771 0.639522 -0.26506 -0.679669 
0.000104525 0.822683 8.57265 -4.07387 0.472107 -1.23033 1.01823 
0.000104525 -0.796588 10.1085 -4.91587 1.23908 -0.760848 -0.31635 
0.000104525 -1.22139 8.28669 -1.64985 -0.939896 0.151554 0.343789 
0.000104525 -0.977877 8.34212 -2.01922 -1.03988 0.448562 0.101809 
0.000104525 -2.49443 10.0653 -2.9186 -0.0683399 0.467805 -0.644629 
0.000104525 0.501424 8.89989 -4.69644 0.883203 -1.25581 0.761378 
0.000104525 0.772185 8.11634 -2.77238 -0.584333 -0.677096 1.14465 
0.000104525 0.576008 9.06205 -4.85963 0.869371 -1.16165 0.827342 
0.000104525 -2.34899 10.1997 -3.64458 0.845934 -0.124025 -0.948941 
0.000104525 -0.873749 7.91062 -1.29782 -0.874262 -0.103223 0.527272 
0.000104525 -0.987161 8.18703 -1.43677 -0.986168 -0.0838628 0.605324 
0.000104525 -2.29167 8.73752 -1.41025 -0.362711 0.459303 -0.337035 
0.000104525 -2.95206 9.75647 -2.01257 -0.0732951 0.117899 -0.732346 
0.000104525 1.04172 7.63361 -2.44419 -0.413039 -0.653754 1.09288 
0.000104525 0.53138 7.38815 -1.6195 -0.661594 -0.146501 0.708519 
0.000104525 0.966143 7.98079 -2.58737 -0.386858 -0.641606 1.28501 
0.000104525 1.04167 7.34335 -2.40399 -0.113031 -0.728428 1.16976 
0.000104525 0.50485 7.66042 -2.04837 -0.632603 -0.48247 1.15112 
0.000104525 1.06954 9.10518 -4.69046 0.594108 -1.21795 1.04835 
0.000104525 -3.08324 10.0837 -2.98651 0.302719 0.190048 -0.891444 
0.000104525 -2.2581 10.8774 -4.98996 1.04855 -0.341486 -0.487517 
0.000104525 -2.10389 8.53306 -0.969987 -0.826789 0.10845 -0.0865659 
0.000104525 -2.52018 10.5292 -4.36363 1.07626 -0.212039 -0.719896 
0.000104525 -3.22559 10.3237 -3.26164 0.580017 0.0329267 -0.872795 
0.000104525 2.02184 8.03218 -4.37023 0.348567 -1.12127 0.859208 
0.000104525 1.22573 9.02511 -4.98862 0.72709 -1.32547 0.822492 
0.000104525 -1.46451 10.7759 -5.77911 1.22983 -0.732222 0.0468003 
0.000104525 -3.71624 10.9419 -3.13267 0.602975 -0.125363 -0.660912 
0.000104525 -1.11873 10.7461 -5.90622 1.13581 -0.856449 -0.21809 
0.000104525 1.51647 8.96363 -5.43316 0.779062 -1.05233 0.868084 
0.000104525 -1.08784 7.48374 -0.674346 -0.83435 0.156378 0.225641 
0.000104525 1.28361 6.9837 -1.8555 -0.41083 -0.547947 1.09504 
0.000104525 1.65865 7.00015 -2.15149 -0.222237 -0.684347 1.12993 
0.000104525 0.75388 6.65092 -1.08911 -0.600504 -0.374182 0.80608 
0.000104525 0.0812953 10.436 -5.96707 1.19734 -1.08293 0.168291 
0.000104525 0.512066 10.3178 -6.14696 1.22477 -0.881728 0.259404 
0.000104525 -1.96508 7.56358 0.354511 -0.492083 0.187823 0.0827084 
0.000104525 -3.24608 10.911 -3.60769 0.515526 -0.0618223 -1.02483 
0.000104525 -2.81484 9.19814 -1.63201 -0.582068 0.463008 -0.718483 
0.000104525 -4.17773 11.1298 -3.77613 0.656072 -0.075115 -0.672331 
0.000104525 2.15443 7.29437 -3.06668 -0.0208806 -0.805579 1.28933 
0.000104525 -1.54066 11.1755 -6.19513 1.21632 -0.574096 -0.345096 
0.000104525 2.46332 7.60222 -3.84338 0.303992 -0.932157 1.23069 
0.000104525 -1.82876 11.275 -6.21628 1.16979 -0.817986 -0.278065 
0.000104525 2.09144 8.54676 -5.21065 0.67011 -1.20828 1.0147 
0.000104525 -3.56988 9.22995 -0.874591 -0.481507 0.358689 -0.520964 
0.000104525 2.20751 6.97618 -2.56754 -0.0848289 -0.905895 1.25618 
0.000104525 -3.73017 11.2439 -4.13607 0.669713 -0.178938 -0.958284 
0.000104525 1.5198 6.42291 -1.12604 -0.686446 -0.445122 0.898492 
0.000104525 1.27077 10.3764 -7.06559 1.12308 -0.852074 0.396203 
0.000104525 -2.35266 7.97312 0.120549 -0.672193 0.396995 -0.234122 
0.000104525 2.25348 8.76726 -5.59685 0.612328 -1.13012 1.14108 
0.000104525 1.32568 6.65598 -1.38049 -0.696235 -0.567115 1.14262 
0.000104525 2.60161 6.44647 -2.41915 -0.388885 -0.740172 1.12627 
0.000104525 -1.98117 7.55148 0.504013 -0.780246 0.32496 0.0169623 
0.000104525 -5.06887 11.065 -2.33914 0.234649 0.214254 -0.743697 
0.000104525 -0.798565 6.89226 0.73554 -0.867491 0.0632162 0.400626 
0.000104525 -1.77812 7.2901 0.524287 -0.962564 0.117383 0.215036 
0.000104525 -4.37002 11.4708 -4.25595 0.767285 -0.0709347 -0.908275 
0.000104525 3.07104 6.35616 -2.83246 -0.182323 -0.772054 1.25018 
0.000104525 -1.73258 11.7103 -6.83857 1.30561 -0.759437 -0.363084 
0.000104525 -0.80391 6.60752 0.91948 -0.8449 0.111942 0.530794 
0.000104525 1.71794 10.4589 -7.36651 1.20354 -1.01267 0.451831 
0.000104525 -5.66331 11.979 -2.79369 0.41586 0.022625 -0.791702 
0.000104525 -2.59543 12.6054 -6.93736 1.16933 -0.508669 -0.477873 
0.000104525 -5.53513 12.0404 -3.87227 0.575219 0.00521326 -0.831197 
0.000104525 1.21652 5.59402 0.223249 -0.794875 -0.356541 0.905222 
0.000104525 -4.37094 7.90535 1.67511 -0.484177 0.293809 -0.292618 
0.000104525 0.279034 11.881 -8.46811 1.20451 -0.977957 0.101273 
0.000104525 -4.58525 12.8403 -6.3167 1.06038 -0.324264 -0.614108 
0.000104525 1.07016 11.3243 -8.83835 1.17544 -1.05712 0.198817 
0.000104525 -5.26002 12.9679 -5.40876 0.830428 -0.17008 -0.821974 
0.000104525 -1.47942 12.8631 -8.86382 1.23061 -0.786479 -0.159174 
0.000104525 5.09796 7.31227 -5.53853 0.463349 -1.09592 1.16118 
0.000104525 -4.38586 13.729 -7.56255 1.09733 -0.438086 -0.597051 
0.000104525 -1.22455 4.4371 4.56419 -0.851954 0.0858532 0.425111 
5.25685e-05 1.67205 -19.0421 6.8696 -0.214395 0.575789 -0.33441 
5.25685e-05 1.68464 -18.9281 6.76643 -0.325718 0.522688 -0.314377 
5.25685e-05 1.76356 -18.9878 6.76273 -0.0219272 0.139816 -0.0600639 
5.25685e-05 1.79426 -19.0623 6.83779 -1.05318 0.982881 -1.05957 
5.25685e-05 1.70693 -19.0526 6.75251 -1.25226 0.314762 -0.126536 
5.25685e-05 1.67676 -18.9141 6.84387 -0.564643 0.41641 -0.862299 
5.25685e-05 1.74042 -19.1375 6.81603 -1.1324 0.942481 0.304926 
5.25685e-05 1.81295 -18.9583 6.75561 0.274242 0.660794 -1.01545 
5.25685e-05 1.5924 -19.0172 6.90326 -0.642237 1.34091 -0.371286 
5.25685e-05 1.71201 -18.9321 6.82142 -0.91841 1.08355 0.515459 
5.25685e-05 1.82347 -18.9594 6.92329 -1.03268 0.447835 -0.512588 
5.25685e-05 1.66587 -18.9851 6.72905 -1.44117 0.48853 -0.452662 
5.25685e-05 1.98657 -19.0555 6.82224 -0.462243 0.516234 -0.615233 
5.25685e-05 1.67875 -18.9647 6.69218 -0.725452 0.0283197 -0.856101 
5.25685e-05 1.91597 -19.0029 6.85119 -0.425194 1.24983 -1.17475 
5.25685e-05 1.60462 -19.1807 6.89861 -0.145186 1.38839 -0.125131 
5.25685e-05 1.78184 -18.8832 6.70812 -0.167151 0.617844 -1.23831 
5.25685e-05 1.92073 -18.9967 6.76996 0.195636 0.162583 -0.724311 
5.25685e-05 1.73405 -18.8673 6.75163 -0.356196 1.8466 -0.684406 
5.25685e-05 1.71158 -18.8994 6.93274 -0.552765 -0.00926912 -0.120593 
5.25685e-05 1.71591 -18.9381 6.6404 -1.23682 1.29195 -0.687961 
5.25685e-05 1.8008 -18.8467 6.86354 -1.3747 0.797048 -0.200236 
5.25685e-05 1.91029 -19.1791 6.68371 0.175311 0.433828 -0.700343 
5.25685e-05 1.83831 -19.1356 6.79785 -0.933231 0.912132 0.842418 
5.25685e-05 1.74938 -18.7689 6.75389 -1.01427 1.04323 -0.853747 
5.25685e-05 1.88083 -18.8451 6.68306 -0.758002 0.23786 -0.799616 
5.25685e-05 1.60482 -19.0798 6.69587 -1.26816 0.171967 -0.880972 
5.25685e-05 1.61112 -19.2315 6.84096 0.300898 0.695113 -1.04729 
5.25685e-05 1.89244 -18.7128 6.81331 -0.365031 0.610228 -0.779827 
5.25685e-05 1.77631 -18.7734 7.00963 -0.165346 0.502655 -0.398793 
5.25685e-05 1.59662 -19.0366 6.62848 0.483611 0.757689 0.143901 
5.25685e-05 1.93653 -19.0183 6.54818 -0.419427 0.21624 -0.310999 
5.25685e-05 1.87944 -19.0113 6.47073 -0.135343 0.62992 -0.408328 
5.25685e-05 1.65658 -19.2623 6.92599 -1.16305 0.272714 -0.635226 
5.25685e-05 1.67117 -18.8135 6.56416 -0.963977 1.22756 -0.589757 
5.25685e-05 1.83531 -19.1823 6.48306 -0.692481 0.624094 0.00458643 
5.25685e-05 1.80327 -19.0098 6.95348 0.57583 1.06167 -1.26977 
5.25685e-05 1.56498 -19.0467 6.7355 -0.292057 0.285728 -1.60951 
5.25685e-05 1.648 -18.9856 6.8761 -1.73288 1.49238 0.129082 
5.25685e-05 1.58697 -19.2004 6.69397 0.583782 0.801022 -0.996064 
5.25685e-05 1.67737 -18.9679 6.4873 -0.539116 0.377403 -1.02647 
5.25685e-05 1.94332 -19.0543 6.76877 0.00240263 1.43764 0.821742 
5.25685e-05 1.60438 -18.6886 6.7499 -0.441791 1.01984 -1.19961 
5.25685e-05 2.09972 -19.2581 6.56582 -0.231024 0.990454 -0.162664 
5.25685e-05 1.46597 -18.7843 6.65531 -1.07722 1.21012 -0.186742 
5.25685e-05 1.98522 -18.7518 6.89922 -1.20061 1.22734 -0.284495 
5.25685e-05 1.41505 -19.0382 6.89705 0.0798133 1.67386 -0.0509869 
5.25685e-05 1.35288 -19.1456 6.78619 0.126726 0.303501 -0.786332 
5.25685e-05 1.30518 -19.3088 6.76419 -0.669463 0.866578 0.124687 
5.25685e-05 1.43857 -19.1275 6.59261 -0.853143 0.481836 0.36696 
5.25685e-05 1.83921 -19.049 6.7631 -1.74962 0.786638 0.848319 
5.25685e-05 2.16812 -18.9772 6.64707 0.233638 0.616058 0.0207586 
5.25685e-05 2.18935 -18.968 6.78237 -0.299297 1.31026 -1.1466 
5.25685e-05 1.49416 -18.8762 6.97075 0.383946 1.64491 -0.301383 
5.25685e-05 1.67351 -18.7904 7.1551 -0.154787 1.51809 -0.0116551 
5.25685e-05 2.13305 -18.9173 7.01208 0.340416 0.50633 -0.556086 
5.25685e-05 1.7071 -19.3615 6.9997 -0.642829 0.0598148 0.333498 
5.25685e-05 1.76558 -19.1237 6.51939 0.530119 0.821235 0.503446 
5.25685e-05 1.42936 -18.7513 7.09474 0.112785 1.39662 -0.334485 
5.25685e-05 2.08988 -19.4092 7.05344 -1.01898 0.989839 -0.77 
5.25685e-05 1.70289 -19.1369 6.97234 -1.48357 1.57346 -1.39015 
5.25685e-05 1.95793 -18.4002 6.56741 -0.100432 1.22064 -0.299975 
5.25685e-05 2.02527 -18.5854 7.20555 -0.0900285 1.17502 -0.0679643 
5.25685e-05 1.37763 -19.1896 6.85062 0.430873 1.05855 0.651947 
0.000110133 -0.854824 9.16112 -3.10845 0.597586 -0.565746 0.175172 
0.000110133 -1.013 9.15311 -3.2772 0.557632 -0.595892 0.314101 
0.000110133 -0.88292 9.09891 -3.32414 1.20108 -0.63284 0.406835 
0.000110133 -0.735439 9.11652 -3.25181 -0.732653 -0.975952 0.278785 
0.000110133 -0.888474 9.01971 -3.22117 0.0711301 -0.650768 1.34796 
0.000110133 -0.981862 9.25485 -3.22469 0.156232 -1.18983 0.283511 
0.000110133 -0.73663 9.0144 -3.15248 -0.0503786 0.223207 1.1203 
0.000110133 -0.864573 9.12362 -3.40545 0.566005 -1.0824 -0.675397 
0.000110133 -0.934573 9.21635 -3.01458 -0.299256 -0.0520224 0.0915505 
0.000110133 -0.945384 9.21506 -3.26645 0.129667 0.536134 0.967615 
0.000110133 -0.741304 9.31625 -3.29953 -0.0519696 -0.883663 0.867481 
0.000110133 -1.00569 9.05369 -3.24092 -0.371823 -0.828517 1.23492 
0.000110133 -0.559112 9.12302 -3.48141 0.296413 -0.883171 0.272254 
0.000110133 -1.03562 9.03212 -3.29578 0.306177 -1.48937 0.650042 
0.000110133 -0.657698 9.20025 -3.42101 -0.485419 -0.832507 -0.487447 
0.000110133 -0.77902 9.05521 -2.91252 0.189048 0.243108 -0.23595 
0.000110133 -0.994579 9.13816 -3.4585 0.130696 -1.34895 -0.386459 
0.000110133 -0.712615 9.1133 -3.48741 1.00812 -1.20117 -0.161406 
0.000110133 -1.02777 9.19903 -3.38665 -0.594362 0.0676671 -0.620507 
0.000110133 -0.900836 9.37425 -3.21213 0.855205 -0.839179 0.924017 
0.000110133 -1.05666 9.00156 -3.39249 -0.900562 -0.419264 0.466635 
0.000110133 -0.904732 9.35363 -3.39789 -0.404383 -0.361863 1.13856 
0.000110133 -0.617299 8.8382 -3.40331 0.813365 -0.975897 -0.285784 
0.000110133 -0.652267 9.00436 -3.27532 0.410502 0.701511 1.25824 
0.000110133 -1.09892 9.29742 -3.47362 -0.636427 -0.741125 0.323114 
0.000110133 -0.946225 9.15519 -3.61379 0.16235 -1.2822 0.58956 
0.000110133 -1.00423 8.91904 -3.12733 -0.236795 -1.44299 1.02955 
0.000110133 -0.765488 8.94085 -2.92303 0.546136 -1.08334 -0.735883 
0.000110133 -0.966146 9.43283 -3.63206 0.220489 -0.954038 0.0429167 
0.000110133 -0.897492 9.58951 -3.32211 0.654098 -0.675741 0.138747 
0.000110133 -1.09604 8.88231 -3.19658 1.27168 0.0559135 -0.277922 
0.000110133 -0.825205 8.83913 -3.64377 0.701514 -0.831354 0.573547 
0.000110133 -0.940258 8.7515 -3.63929 0.583037 -0.585973 0.0343453 
0.000110133 -0.635635 9.01318 -2.89188 -0.0958195 -1.13663 1.01467 
0.000110133 -1.26389 9.0294 -3.48647 -0.588114 -0.359061 0.318396 
0.000110133 -0.823235 8.5975 -3.45735 0.363915 -0.257251 0.752402 
0.000110133 -0.696324 9.3007 -3.2194 0.387965 -0.987569 -1.30877 
0.000110133 -1.04741 8.99267 -3.07951 0.0713903 -1.94526 -0.290591 
0.000110133 -0.925144 9.22053 -3.11822 -1.00474 0.435772 1.23489 
0.000110133 -0.915459 8.79952 -3.02116 0.721754 -0.936195 -1.01623 
0.000110133 -1.1707 8.7935 -3.43468 0.117712 -1.36611 0.193373 
0.000110133 -0.63916 9.05871 -3.47144 0.767978 1.14849 0.126299 
0.000110133 -1.31885 9.35647 -3.37356 -0.349386 -1.03009 -0.354844 
0.000110133 -0.435245 8.6445 -3.63863 0.382185 -0.0979795 0.0465363 
0.000110133 -1.43491 9.14304 -3.21598 -0.453668 -0.0156205 0.648814 
0.000110133 -0.781058 9.50282 -3.64707 -0.614585 -0.100133 0.693382 
0.000110133 -1.09762 9.17252 -2.8064 0.204347 0.542508 -0.555845 
0.000110133 -1.13774 8.93637 -2.73649 0.82176 -1.15583 -0.215785 
0.000110133 -1.05405 8.74998 -2.58009 0.274139 0.0364899 0.659292 
0.000110133 -1.19701 8.73919 -2.97977 0.527598 -0.0484304 1.17353 
0.000110133 -0.752045 9.04761 -3.3635 -0.142656 0.552268 2.04853 
0.000110133 -0.563929 9.01369 -3.86221 1.10949 -0.18094 -0.045423 
0.000110133 -0.460717 9.17996 -3.79824 -0.413832 -0.752119 -0.616896 
0.000110133 -1.11427 9.42006 -2.96081 0.333497 0.316149 -0.943142 
0.000110133 -0.888435 9.73088 -3.09414 0.149569 0.443206 -0.239532 
0.000110133 -0.409539 9.48745 -3.61252 0.968363 -0.778392 -0.392758 
0.000110133 -0.447079 9.00738 -2.82459 0.973751 -0.382379 1.21261 
0.000110133 -0.921437 8.68909 -3.39716 1.45235 0.432908 -0.157699 
0.000110133 -1.2084 9.67638 -2.89316 0.277071 0.0786368 -0.581569 
0.000110133 0.0151134 9.05893 -3.1781 -0.55853 -0.705999 0.403785 
0.000110133 -0.670645 9.19114 -3.00229 -1.66261 -0.860303 0.136132 
0.000110133 -1.34417 9.45626 -4.10342 0.250899 -0.0387417 -0.275064 
0.000110133 -0.685722 10.0182 -3.59912 0.413093 0.137608 -0.130698 
0.000110133 -1.03055 8.97042 -2.68709 1.28457 0.739511 -0.125152 
0.00062348 2.54772 -18.7087 6.9032 -1.13 0.588212 -0.324619 
0.00062348 0.703967 -18.32 7.11009 -0.76524 0.476005 0.0257831 
0.00062348 2.37769 -17.9212 7.22342 -0.901348 0.318437 -0.856594 
0.00062348 1.4425 -20.3687 5.32075 -0.130152 1.05676 -0.162015 
0.00062348 1.62005 -16.7977 5.97786 -0.531804 0.48816 -0.187975 
0.00062348 -0.281751 -19.4404 6.05782 -0.697834 1.51285 -0.190579 
0.00062348 1.74577 -18.1604 8.46347 -1.21965 0.540686 -0.666812 
0.00062348 0.298048 -19.5586 6.99999 -1.30952 1.60053 0.0802831 
0.00062348 2.70153 -18.9093 8.01171 -1.28062 1.49722 -0.888628 
0.00062348 0.795371 -20.8034 9.05244 -0.888171 0.587129 -0.635917 
0.00062348 0.621992 -21.1423 5.81771 -0.138792 0.230987 -0.957401 
0.00062348 1.09952 -18.1554 6.83883 -0.690092 1.56577 -1.80883 
0.00062348 3.43829 -20.3585 6.81968 0.386899 1.7228 -0.531176 
0.00062348 -1.0781 -18.6781 5.08795 -0.618707 0.822946 0.348299 
0.00062348 3.32899 -17.5067 6.5322 0.0114244 1.7589 0.308785 
0.00062348 1.55677 -21.5936 10.0892 -0.0586457 1.1182 -0.577086 
0.00062348 3.14021 -19.008 7.40939 -1.14645 0.141419 0.709259 
0.00062348 2.89354 -18.9712 7.38011 -1.36041 -0.00717241 -1.34309 
0.00062348 5.57257 -17.303 7.39894 -0.760708 0.283838 -0.487015 
0.00062348 1.04098 -22.1179 5.84906 -0.0784672 1.7772 -0.401279 
0.00062348 1.57639 -20.0552 8.44776 -1.28405 1.32884 0.57006 
0.00062348 4.45606 -22.8375 7.01297 -0.266795 0.319279 -0.695693 
0.00062348 2.29497 -17.3594 5.14342 -0.047289 1.28185 0.754746 
0.00062348 1.13842 -20.7289 8.51469 -0.925448 0.0416876 0.459612 
0.00062348 -2.46619 -21.9456 6.72259 -0.339418 1.37784 -0.0678984 
0.00062348 0.112768 -20.1367 9.37604 -0.231975 1.81431 -0.872253 
0.00062348 -2.99877 -20.0396 8.24049 -0.521197 1.21498 0.198831 
0.00062348 7.28123 -20.3396 4.95177 -0.105078 0.741545 -0.636619 
0.00062348 0.690312 -21.2903 2.9152 -0.559655 1.05475 -1.17012 
0.00062348 2.14728 -21.3248 4.7309 -1.56858 0.637114 -0.0274267 
0.00062348 0.643642 -20.4275 10.9984 -0.792322 0.0547376 -0.460478 
0.00062348 1.55724 -17.4821 4.74728 0.169982 -0.100561 -1.13435 
0.00062348 0.959573 -16.2299 10.73 -0.225977 0.645335 0.423289 
0.00062348 0.299581 -13.8572 7.36872 -0.13042 0.732331 -1.08801 
0.00062348 4.70613 -19.4147 1.76054 -0.197272 1.12168 0.199538 
0.00062348 0.852742 -22.943 9.65417 0.410627 1.02785 -0.681174 
0.00062348 1.14664 -21.3359 10.4646 -0.78822 1.46886 0.364961 
0.00062348 6.34083 -22.714 4.17287 -0.117663 1.21237 -0.787082 
0.00062348 7.2815 -17.171 11.0729 -0.747932 0.544021 -0.371879 
0.00062348 1.39769 -21.3674 1.89789 -0.00287366 0.270574 0.0835564 
0.00062348 5.57026 -18.8499 9.18418 -1.27542 0.290561 -0.0450352 
0.00062348 0.157369 -17.813 9.95452 0.599128 0.573593 -0.963503 
0.00062348 -5.2166 -17.261 3.91242 -0.148446 0.632514 -0.640228 
0.00062348 1.62741 -17.5002 7.05424 -0.0576934 -0.539307 -1.48053 
0.00062348 3.5389 -13.8956 13.5531 -0.258581 0.901059 -0.434081 
0.00062348 0.320211 -17.3464 3.13428 0.130404 1.52178 0.3917 
0.00062348 -0.118265 -23.0181 13.8075 -0.589004 0.471927 -0.38267 
0.00062348 2.15622 -18.1816 10.9512 -1.45144 0.390377 -0.748046 
0.00062348 5.391 -19.136 1.5461 -0.629021 0.499807 -1.10353 
0.00062348 -0.343509 -24.4194 13.0029 -0.568162 0.887817 -0.8132 
0.00062348 6.98529 -19.1852 13.5899 -0.379532 0.404394 -0.415283 
0.00062348 9.37005 -20.6597 1.95798 -0.753306 0.861377 -0.249987 
0.00062348 1.88751 -20.2975 2.29836 -0.874336 0.843882 0.696851 
0.00062348 2.64023 -16.7449 6.15629 -1.57717 0.184343 -1.29498 
0.00062348 -0.520242 -24.2276 3.18732 -0.728049 1.50385 0.119992 
0.00062348 3.86238 -23.382 6.71453 -1.49773 0.69511 -0.892548 
0.00062348 3.18661 -21.9777 8.18937 0.610312 1.52288 0.314824 
0.00062348 10.4162 -18.7394 5.41469 0.0195856 1.1475 -0.157662 
0.00062348 -5.65027 -19.765 6.42712 -0.268574 1.41321 0.191741 
0.00062348 -3.19266 -21.3767 3.39664 0.324989 1.07058 0.195462 
0.00062348 -4.11121 -20.4288 9.10951 -1.13912 1.50634 -0.582148 
0.00062348 1.47727 -14.768 4.81436 -0.58278 2.10183 -0.396237 
0.00062348 -3.08399 -18.4282 6.96789 -0.589196 1.94771 0.205895 
0.00062348 -3.0364 -19.9237 -3.16074 -0.426914 0.758132 -0.578304 
0.00062348 6.16997 -20.5903 3.73509 -1.4325 0.998103 0.145695 
0.00062348 6.39967 -27.5319 1.34084 -0.33295 0.600932 -0.265684 
0.00062348 3.14608 -13.3336 2.04737 -0.379019 0.56285 -1.20894 
0.00062348 2.10603 -24.7588 13.171 0.230648 1.13903 -0.150878 
0.00062348 4.63233 -21.5654 11.6093 0.608415 0.58535 -0.196439 
0.00062348 4.1546 -20.7095 14.6089 -0.462902 0.517964 -1.10721 
0.00062348 -2.97056 -22.5883 5.02197 -1.29691 0.925477 -1.07486 
0.00062348 -5.11136 -19.7802 6.3581 -1.03 1.51317 0.125986 
0.00062348 -0.0306747 -27.0026 12.9525 -0.746038 1.34164 -0.515615 
0.00062348 -2.14202 -21.0585 8.11784 0.878642 1.17045 -0.154727 
0.00062348 -0.246736 -9.71039 0.246074 -0.487794 1.12299 -0.71236 
0.00062348 2.04966 -27.3272 6.84999 -0.139026 0.831505 -1.21156 
0.00062348 7.82956 -10.0183 9.52108 -0.714899 0.586554 -0.725212 
0.00062348 0.334455 -21.8684 1.15427 0.366145 0.310841 0.18372 
0.00062348 -0.678483 -15.1955 9.74977 -0.0912478 0.463073 0.78019 
0.00062348 10.0929 -14.3504 10.9386 -0.0820251 0.311193 -0.224061 
0.00062348 -6.95167 -22.903 7.33289 -0.616715 0.364901 0.204008 
0.00062348 -7.03521 -26.0657 0.622217 -0.459519 0.730194 -0.0299671 
0.00062348 1.28314 -16.6066 11.4693 -0.70981 1.8862 0.368559 
0.00062348 3.14474 -17.4149 9.6336 -1.71411 1.48441 -1.01208 
0.00062348 7.65335 -12.686 4.37087 -0.0882328 1.40418 0.218511 
0.00062348 7.99767 -22.4395 12.902 -0.876935 0.799574 -1.09382 
0.00062348 -2.57768 -25.9974 11.3397 -0.497367 1.61872 0.0101539 
0.00062348 1.63655 -22.4779 8.96538 0.855093 1.65478 -0.367805 
0.00062348 -11.6622 -23.1568 4.03122 -0.493967 0.736923 -0.644605 
0.00062348 -1.01924 -18.4734 11.8821 0.441284 -0.0625755 -0.207366 
0.00062348 -8.67703 -15.021 -2.68944 -0.487985 0.573012 -0.33747 
0.00062348 2.79902 -14.7019 11.5641 -0.403512 -0.351441 -0.436851 
0.00062348 -3.44843 -22.7333 0.219532 0.220946 1.0651 0.254258 
0.00062348 -3.37972 -20.4004 4.44268 0.0952061 -0.0325816 0.432993 
0.00062348 2.68708 -21.6157 2.85404 0.9653 1.1846 -0.476579 
0.00062348 4.92394 -27.8267 4.31469 -0.424798 0.0760964 -0.843657 
0.00062348 -0.479273 -17.2276 10.2827 -1.01943 1.40549 0.874099 
0.00062348 5.31994 -15.6276 -4.00209 -0.795353 0.248445 -0.435599 
0.00062348 9.7942 -15.033 10.7636 -0.0304706 1.26881 -1.09266 
0.00062348 2.01962 -6.36436 -1.4627 -0.631297 1.22024 -0.449966 
0.00062348 0.780238 -30.7748 17.7919 -0.373074 0.999498 -0.0895976 
0.00062348 -2.4548 -24.0756 12.2746 0.0865254 1.46072 -1.08117 
0.00062348 7.84302 -6.67225 6.79584 -0.874188 0.859699 0.0237562 
0.00062348 -10.4413 -22.9411 16.0624 -0.10978 0.646095 -0.204808 
0.00062348 0.189797 -18.2343 0.44088 -1.62057 0.671782 -0.803326 
0.00062348 7.00845 -26.8299 13.8186 -0.809088 0.750396 -1.08116 
0.00062348 2.87285 -17.6373 7.20507 -1.47662 -0.277492 -1.70188 
0.00062348 17.5233 -27.2718 5.19965 -0.607631 0.992632 -0.551041 
0.00062348 -0.943694 -18.1989 6.13189 0.284305 0.0771699 1.10124 
0.00062348 -10.774 -19.136 -4.09873 -0.736349 0.544754 -0.484309 
0.00062348 -9.40889 -7.64731 -1.90737 -0.495112 0.563968 -0.254974 
0.00062348 -3.56295 -28.4688 0.107429 -0.74331 0.965662 0.331468 
0.00062348 10.2343 -27.1472 0.999506 0.271849 0.741235 -0.656704 
0.00062348 6.3573 -9.90275 3.07208 -1.17226 0.959555 0.200819 
0.00062348 -11.151 -24.5578 -2.47184 -0.511481 0.481221 -0.721021 
0.00062348 -7.00382 -14.89 8.5354 -1.33898 0.488349 -0.753559 
0.00062348 5.99912 -22.6463 19.3015 -1.07924 0.455889 -0.418469 
0.00062348 6.7587 -31.553 16.1038 -0.610653 1.20082 0.0698312 
0.00062348 3.14832 -28.7822 7.39781 -1.27927 1.31867 0.0895891 
0.00062348 -5.10537 -10.3135 1.74148 0.182077 0.193289 -0.329046 
0.00062348 11.8217 -18.3429 -13.3289 -0.253628 0.826263 -0.428683 
0.00062348 -2.40779 -24.2328 5.824 -0.459879 1.00057 -1.74927 
0.00062348 -2.27678 -16.7081 13.5858 0.154196 1.45122 0.536724 
0.00062348 12.1986 -16.6041 -5.41634 -0.672315 1.44909 -0.631508 
0.00062348 -1.33295 -40.6483 -4.82281 -0.497632 0.98844 -0.309599 
0.00062348 17.5271 -23.707 5.24134 -0.550503 1.53527 -0.197146 
0.00062348 -19.5676 -16.4812 -2.73729 -0.249679 0.654552 -0.629562 
0.00062348 3.75117 -15.4558 11.2681 -0.580996 -0.31521 0.566793 
0.00130622 -0.253126 9.60096 -4.30105 -0.129149 -0.614463 0.975524 
0.00130622 -2.31133 10.0405 -2.3894 0.422017 -0.355331 0.912585 
0.00130622 -0.915018 10.7087 -4.46127 -0.0375977 -1.28336 0.637712 
0.00130622 -0.929538 6.08693 -2.96801 0.415432 -0.0398906 -0.0794456 
0.00130622 -3.51012 10.285 -5.30333 0.485583 -0.522617 0.583794 
0.00130622 -2.99772 7.66464 -1.21212 -0.369548 0.237511 0.140981 
0.00130622 -0.508049 11.8456 -2.72084 -0.346084 -0.96679 0.893446 
0.00130622 -1.6829 8.68781 -1.11445 -0.772278 0.504313 0.775295 
0.00130622 0.819292 10.6967 -3.55393 -1.18526 -0.448987 0.277296 
0.00130622 1.29746 9.89835 0.667336 -0.100826 -0.879461 0.593422 
0.00130622 -0.728443 5.83963 -1.14718 0.573392 -1.38497 -0.0355576 
0.00130622 -2.24293 9.9234 -3.13785 -1.25033 -1.18718 -0.784383 
0.00130622 2.06068 8.00464 -4.15021 0.160263 0.167175 -1.11647 
0.00130622 -5.12459 7.20754 -1.55649 0.46239 0.209689 0.762559 
0.00130622 -0.793047 10.4004 -6.30185 0.279241 0.927554 -0.347156 
0.00130622 3.45884 10.4024 1.11747 0.210665 -0.364042 -0.40511 
0.00130622 0.946005 9.95049 -4.3896 0.715731 -0.01729 1.81331 
0.00130622 0.646303 9.92924 -4.16247 -0.425927 -2.00359 0.959295 
0.00130622 1.85111 11.8002 -8.34066 0.291902 -0.96459 0.737188 
0.00130622 0.585732 4.97843 -0.882019 -0.17744 0.29188 -0.66865 
0.00130622 1.0077 9.99385 -1.1662 -0.303425 0.744259 1.17742 
0.00130622 5.42864 5.94267 -3.34525 0.547429 -1.09062 0.169666 
0.00130622 -2.88684 8.84973 -6.22682 0.803424 0.966428 0.222271 
0.00130622 1.2163 9.3837 -0.142901 0.829541 -0.302564 1.53979 
0.00130622 -2.50202 5.82207 3.50083 0.0731314 0.272753 -0.0283456 
0.00130622 0.232073 10.8466 1.16714 -0.572101 -0.117749 -0.813944 
0.00130622 -3.7305 9.34587 3.76506 0.184455 0.377851 0.370578 
0.00130622 4.65126 6.23287 -9.73817 0.408367 -0.706082 -0.181405 
0.00130622 -2.46156 2.36832 -3.13774 -0.451614 -0.985625 -0.255401 
0.00130622 0.239676 4.55712 -3.46762 -0.353986 -0.340478 1.49486 
0.00130622 2.10557 12.4813 1.91853 0.442434 -1.11607 0.910653 
0.00130622 -3.78043 8.20822 -5.59332 0.958173 -1.77324 -0.213303 
0.00130622 -1.5139 16.2298 -1.67092 0.937181 0.172048 0.561397 
0.00130622 -6.53896 14.5822 -5.00348 0.157875 -1.12361 -0.401698 
0.00130622 -0.884297 3.21374 -9.77055 0.506452 0.331651 0.140634 
0.00130622 3.67106 8.54228 2.57798 0.590353 -0.492267 -0.821596 
0.00130622 3.06714 11.043 1.64764 -0.118253 0.700666 0.550294 
0.00130622 5.31489 2.97223 -7.50934 -0.0126013 -0.487315 -0.522607 
0.00130622 5.8941 16.3078 -7.7771 0.178949 -0.662714 0.64019 
0.00130622 -2.36135 1.1909 -4.57696 1.19932 -0.402555 0.394094 
0.00130622 4.42294 12.3675 -5.96997 0.112697 -0.596961 1.42684 
0.00130622 -1.4177 13.7451 -0.168489 0.911358 -1.07752 -0.881552 
0.00130622 -11.3247 6.83205 1.19598 0.449113 -0.794946 -0.082953 
0.00130622 -2.15667 10.8486 -4.05095 0.906037 -2.43502 0.0473926 
0.00130622 0.863408 21.9534 -4.26866 0.280972 -0.413332 -0.0271097 
0.00130622 -6.21673 6.36989 -5.44033 0.583958 0.832081 -0.270077 
0.00130622 5.53245 13.1533 6.60579 0.349643 -0.715361 0.536329 
0.00130622 1.57997 14.7224 -1.42867 -0.465787 -1.17093 1.13799 
0.00130622 -0.590196 3.29835 -10.8841 -0.0800725 -1.34992 0.159731 
0.00130622 6.02483 10.8631 7.31425 -0.153221 -0.789265 0.0435721 
0.00130622 9.07717 17.2403 -4.23018 0.545581 -0.780621 0.373601 
0.00130622 5.03674 2.67908 -13.9137 0.0148884 -0.312828 0.530058 
0.00130622 -2.56111 2.72309 -5.62021 0.428726 0.522419 1.16583 
0.00130622 -2.41586 10.6354 -6.35171 -0.706925 -1.8311 1.06592 
0.00130622 -0.86453 -0.249654 0.532888 -0.224017 0.50971 0.343077 
0.00130622 5.12202 5.02216 -2.4973 -0.793114 -1.07479 0.924701 
0.00130622 4.17041 8.00178 -1.73917 0.921842 0.798404 -0.733314 
0.00130622 6.66978 8.59136 -14.0645 0.471984 0.0435988 -0.260195 
0.00130622 -7.84242 7.27915 5.25029 0.24045 0.539765 0.0318573 
0.00130622 -5.9557 2.47822 1.57786 0.952815 0.327529 -0.289852 
0.00130622 -3.91815 9.86786 5.89031 -0.919046 -0.154235 0.31635 
0.00130622 -6.24526 10.882 -7.43048 -0.802017 0.504961 -0.410002 
0.00130622 -6.10623 9.42153 1.80194 -0.382282 0.933195 0.0143951 
0.00130622 -11.4691 -3.64912 -4.22049 0.173109 -0.664282 0.123042 
0.00130622 2.95097 4.49097 -9.16806 -0.410212 0.0991266 1.26394 
0.00130622 7.79927 -4.89975 -6.04578 0.522305 -0.493182 0.302354 
0.00130622 -7.70019 9.23338 -12.2564 0.0175707 -1.37943 -0.153242 
0.00130622 8.89609 10.9581 4.95451 0.648207 0.058778 -0.436517 
0.00130622 7.52933 12.4619 -1.26373 1.31311 -0.373406 -0.475372 
0.00130622 8.28312 16.686 0.735121 0.0363857 -1.32738 0.00178757 
0.00130622 -3.56547 3.20413 3.34402 -0.89269 -1.05103 0.516775 
0.00130622 -7.33466 7.23532 4.61401 -0.465915 0.500094 0.605552 
0.00130622 8.61704 8.35559 8.80896 -0.45752 -0.189748 0.102842 
0.00130622 -2.04143 8.30684 3.46761 1.13579 0.126445 -1.02428 
0.00130622 -15.5445 10.3247 -12.3726 -0.202657 -0.514299 -0.10616 
0.00130622 6.92656 1.22413 2.48027 0.0162745 -1.16114 -0.518773 
0.00130622 -0.992945 21.4382 -14.6668 -0.0104568 -0.948074 0.392946 
0.00130622 -3.47417 -0.243147 -3.54866 1.51494 -0.254428 0.102744 
0.00130622 -4.7349 15.9437 -1.28437 1.35949 0.367279 0.743658 
0.00130622 6.09804 19.1208 -13.0468 0.946661 -0.656173 0.271317 
0.00130622 -5.73459 5.18838 9.60925 0.711238 -0.267083 0.943931 
0.00130622 -7.45901 -5.5661 7.32576 0.454935 -0.191289 0.468591 
0.00130622 -0.359742 16.7479 -1.24181 -0.348759 1.02515 0.244573 
0.00130622 1.00666 14.0356 -4.00302 -1.58341 -0.602159 0.596619 
0.00130622 -2.21354 12.9435 -16.1199 0.403298 0.570369 -0.106261 
0.00130622 12.5466 13.4212 -3.46954 -0.482171 -1.13265 0.210567 
0.00130622 4.08949 7.23017 9.78662 -0.180505 0.513966 0.0149191 
0.00130622 3.5815 8.2697 0.888569 0.663767 0.297925 -1.39799 
0.00130622 -12.4293 0.713123 12.7311 0.100303 -0.745253 0.157535 
0.00130622 -0.72156 15.2175 2.96274 1.63231 -0.885335 0.0361032 
0.00130622 -21.1975 1.07298 -1.18413 0.381866 -0.590628 0.414755 
0.00130622 -0.481886 18.8253 -4.24565 1.04836 -1.37329 0.815631 
0.00130622 -7.1148 -2.49844 0.634879 0.905378 0.369014 -0.163295 
0.00130622 -6.32 4.59969 1.80502 1.67402 -0.308155 0.673597 
0.00130622 -0.2095 2.17119 -5.16398 1.02528 -0.147941 -1.28497 
0.00130622 8.56545 -1.90194 -2.11882 0.516462 -1.41999 0.366131 
0.00130622 -2.36116 14.6248 0.34251 0.0111287 1.09685 1.0686 
0.00130622 -7.4987 0.281798 -17.2206 0.316494 -0.947326 0.81603 
0.00130622 6.29297 18.2371 -12.3405 -0.143969 -0.714956 -0.799046 
0.00130622 -17.4064 11.7818 -18.5151 -0.246824 -0.213685 0.107884 
0.00130622 16.0311 10.3731 14.0209 0.30198 -0.0353742 0.205903 
0.00130622 3.11548 10.1599 8.90445 -0.180882 -0.550915 -1.00514 
0.00130622 -5.79046 21.5181 -19.0126 0.0643171 -0.0750748 0.787175 
0.00130622 -3.38177 14.8602 19.5988 0.698667 -0.387595 0.114403 
0.00130622 -7.34742 2.4105 -6.5264 -0.826836 -1.02062 1.09465 
0.00130622 16.0955 10.1703 1.46019 -0.387261 -1.1534 0.186244 
0.00130622 -0.685087 11.0061 -5.23103 -0.515428 -2.54132 1.01896 
0.00130622 21.288 0.817184 -15.9145 -0.120678 -0.47554 0.162023 
0.00130622 -4.7232 8.87957 -1.32697 2.09679 0.393714 0.811893 
0.00130622 -20.5552 -4.68963 3.15665 0.128555 -0.763114 0.567909 
0.00130622 -28.0102 8.97882 -5.18528 0.425925 -0.523289 0.471461 
0.00130622 -2.17049 -8.14107 4.8531 0.254499 0.293224 0.780744 
0.00130622 11.0713 -4.56692 -10.8269 0.695725 -0.696932 -0.522449 
0.00130622 -6.8694 14.001 -17.6068 -0.148552 0.138935 1.0883 
0.00130622 -14.9961 -8.05721 8.65037 0.226681 -1.00903 0.277371 
0.00130622 -12.158 14.254 4.68051 -0.448963 -1.09363 0.980343 
0.00130622 14.9926 20.3918 3.3614 -0.0450164 -0.795759 0.955327 
0.00130622 21.5956 8.24149 6.76308 0.0560699 0.243796 0.386246 
0.00130622 9.69525 0.559648 2.69797 -0.544726 0.301874 0.915324 
0.00130622 -18.8785 11.0135 -5.49013 1.18327 -0.821047 0.0498522 
0.00130622 -4.76577 -12.4386 -28.9739 0.340467 -0.464626 0.014349 
0.00130622 -0.994973 2.60024 4.47237 -0.638647 -1.54369 -0.629673 
0.00130622 -2.42706 18.7525 4.2647 0.72865 0.911789 -0.170902 
0.00130622 -0.671941 -1.64182 -25.1443 -0.535918 -0.208062 -0.0868938 
0.00130622 7.68153 -25.2863 7.79183 0.0959072 -0.252048 0.200591 
0.00130622 18.1287 4.28591 -18.4809 -0.27245 0.259291 -0.00453025 
0.00130622 -30.839 -1.39419 11.953 0.359221 -0.776033 -0.00103712 
0.00130622 0.950049 17.8501 -4.96261 1.40954 -0.450124 1.50127 
